# Probe 0 (0.135 -0.07 0)
# Probe 1 (0.07 0 0)
# Probe 2 (0.04 0 -0.12)
# Probe 3 (0 0 0.1)
#       Probe             0             1             2             3
#        Time
        5e-05             (-14.5271 0.132496 -0.0319019)             (-0.21764 1.72223 -0.858167)             (-0.191504 0.178597 -0.0926529)             (-0.00336829 0.00302806 3.9203)
       0.0001             (-14.437 0.128733 -0.0693008)             (-0.220484 1.70476 -0.847272)             (-0.190401 0.17817 -0.0948099)             (-0.00336959 0.0029674 3.88684)
      0.00015             (-14.454 0.124115 -0.0867459)             (-0.213734 1.70422 -0.847126)             (-0.191113 0.17873 -0.0949124)             (-0.00325966 0.00288574 3.89323)
       0.0002             (-14.4687 0.122385 -0.0976204)             (-0.20502 1.70319 -0.846745)             (-0.192046 0.179458 -0.0948385)             (-0.00318572 0.0028385 3.89837)
      0.00025             (-14.4831 0.121934 -0.106796)             (-0.195872 1.70244 -0.846083)             (-0.193058 0.180218 -0.0946992)             (-0.00310722 0.00278789 3.90259)
       0.0003             (-14.4985 0.1219 -0.114224)             (-0.186192 1.70133 -0.845316)             (-0.194028 0.180989 -0.094489)             (-0.00302945 0.00273938 3.9061)
      0.00035             (-14.5143 0.122175 -0.120351)             (-0.176364 1.70001 -0.844532)             (-0.194933 0.181736 -0.0942253)             (-0.00295473 0.0026967 3.90904)
       0.0004             (-14.5327 0.122676 -0.124788)             (-0.166521 1.69865 -0.843823)             (-0.19577 0.182444 -0.0939229)             (-0.00288214 0.00265805 3.91154)
      0.00045             (-14.5546 0.122805 -0.12798)             (-0.156506 1.69717 -0.842793)             (-0.196557 0.183156 -0.0936018)             (-0.0028116 0.00262186 3.91368)
       0.0005             (-14.58 0.122904 -0.129796)             (-0.146441 1.69581 -0.842152)             (-0.197262 0.183824 -0.0932416)             (-0.00274284 0.00258717 3.91553)
      0.00055             (-14.6087 0.122366 -0.130222)             (-0.136218 1.69437 -0.841318)             (-0.197908 0.184496 -0.0928624)             (-0.00267617 0.00255376 3.91714)
       0.0006             (-14.6445 0.120215 -0.127508)             (-0.125872 1.69299 -0.840728)             (-0.198473 0.185133 -0.0924485)             (-0.00261096 0.00252107 3.91855)
      0.00065             (-14.6841 0.117078 -0.122627)             (-0.115406 1.69151 -0.839948)             (-0.19901 0.185779 -0.0920392)             (-0.00254765 0.00248859 3.9198)
       0.0007             (-14.7243 0.113082 -0.116387)             (-0.104677 1.69027 -0.839335)             (-0.199448 0.186391 -0.0915827)             (-0.00248532 0.0024565 3.92092)
      0.00075             (-14.763 0.108372 -0.109318)             (-0.0936173 1.68885 -0.838758)             (-0.199798 0.187005 -0.091089)             (-0.00242351 0.00242484 3.92193)
       0.0008             (-14.7989 0.10386 -0.10213)             (-0.0823768 1.68731 -0.837941)             (-0.200103 0.187626 -0.0905868)             (-0.00236255 0.0023933 3.92284)
      0.00085             (-14.8318 0.0996542 -0.0948653)             (-0.0710125 1.68584 -0.83725)             (-0.200348 0.188237 -0.0900633)             (-0.00230224 0.002362 3.92366)
       0.0009             (-14.8615 0.0956133 -0.0877403)             (-0.0593412 1.68421 -0.836591)             (-0.200541 0.188852 -0.0895259)             (-0.00224257 0.00233066 3.92442)
      0.00095             (-14.8883 0.0916725 -0.0808095)             (-0.0473535 1.6825 -0.835946)             (-0.200669 0.189468 -0.0889621)             (-0.00218306 0.0022995 3.92512)
        0.001             (-14.9122 0.0880326 -0.0743133)             (-0.0351341 1.6807 -0.835096)             (-0.200739 0.190072 -0.0883779)             (-0.00212362 0.00226832 3.92577)
      0.00105             (-14.9301 0.0844786 -0.0681212)             (-0.0226854 1.67878 -0.834209)             (-0.200758 0.190676 -0.0877808)             (-0.00206393 0.00223721 3.92637)
       0.0011             (-14.944 0.0810325 -0.0622323)             (-0.0103808 1.67674 -0.833312)             (-0.200723 0.19128 -0.0871656)             (-0.00200436 0.0022058 3.92694)
      0.00115             (-14.9549 0.0781674 -0.0566928)             (0.00194357 1.67474 -0.832369)             (-0.20065 0.191874 -0.0865434)             (-0.00194495 0.00217429 3.92747)
       0.0012             (-14.9633 0.0754892 -0.0515898)             (0.0141936 1.67298 -0.831348)             (-0.200547 0.192446 -0.0859193)             (-0.00188573 0.00214252 3.92797)
      0.00125             (-14.9701 0.0724933 -0.0469701)             (0.0269205 1.67067 -0.830059)             (-0.20038 0.193042 -0.0852704)             (-0.00182627 0.00211096 3.92845)
       0.0013             (-14.9753 0.0697897 -0.0426383)             (0.0398419 1.66814 -0.829172)             (-0.200167 0.193642 -0.0846081)             (-0.00176674 0.00207924 3.92891)
      0.00135             (-14.9793 0.067266 -0.0387029)             (0.0529233 1.66542 -0.828527)             (-0.199908 0.194238 -0.0839301)             (-0.00170721 0.00204727 3.92935)
       0.0014             (-14.9823 0.0647341 -0.0350647)             (0.0661277 1.66254 -0.82773)             (-0.199606 0.194843 -0.0832397)             (-0.00164769 0.00201528 3.92977)
