# Region type : patch outlet
# Faces  :   1804
# Area   :   7.100642e-03
# Time       	sum(phi)
5e-05        	2.836258e-02
0.0001       	2.836261e-02
0.00015      	2.836262e-02
0.0002       	2.836262e-02
0.00025      	2.836262e-02
0.0003       	2.836262e-02
0.00035      	2.836262e-02
0.0004       	2.836262e-02
0.00045      	2.836262e-02
0.0005       	2.836262e-02
0.00055      	2.836262e-02
0.0006       	2.836262e-02
0.00065      	2.836262e-02
0.0007       	2.836262e-02
0.00075      	2.836262e-02
0.0008       	2.836262e-02
0.00085      	2.836262e-02
0.0009       	2.836261e-02
0.00095      	2.836261e-02
0.001        	2.836262e-02
0.00105      	2.836261e-02
0.0011       	2.836261e-02
0.00115      	2.836262e-02
0.0012       	2.836262e-02
0.00125      	2.836262e-02
0.0013       	2.836261e-02
0.00135      	2.836261e-02
0.0014       	2.836261e-02
0.00145      	2.836261e-02
0.0015       	2.836261e-02
0.00155      	2.836261e-02
0.0016       	2.836261e-02
0.00165      	2.836261e-02
0.0017       	2.836261e-02
0.00175      	2.836261e-02
0.0018       	2.836262e-02
0.00185      	2.836262e-02
0.0019       	2.836262e-02
0.00195      	2.836262e-02
0.002        	2.836262e-02
0.00205      	2.836262e-02
0.0021       	2.836262e-02
0.00215      	2.836262e-02
0.0022       	2.836262e-02
0.00225      	2.836262e-02
0.0023       	2.836262e-02
0.00235      	2.836262e-02
0.0024       	2.836261e-02
0.00245      	2.836262e-02
0.0025       	2.836262e-02
0.00255      	2.836263e-02
0.0026       	2.836262e-02
0.00265      	2.836261e-02
0.0027       	2.836262e-02
0.00275      	2.836262e-02
0.0028       	2.836262e-02
0.00285      	2.836262e-02
0.0029       	2.836262e-02
0.00295      	2.836262e-02
0.003        	2.836262e-02
0.00305      	2.836262e-02
0.0031       	2.836262e-02
0.00315      	2.836261e-02
0.0032       	2.836262e-02
0.00325      	2.836262e-02
0.0033       	2.836261e-02
0.00335      	2.836262e-02
0.0034       	2.836262e-02
0.00345      	2.836261e-02
0.0035       	2.836262e-02
0.00355      	2.836262e-02
0.0036       	2.836261e-02
0.00365      	2.836262e-02
0.0037       	2.836262e-02
0.00375      	2.836261e-02
0.0038       	2.836261e-02
0.00385      	2.836262e-02
0.0039       	2.836262e-02
0.00395      	2.836262e-02
0.004        	2.836262e-02
0.00405      	2.836262e-02
0.0041       	2.836261e-02
0.00415      	2.836262e-02
0.0042       	2.836261e-02
0.00425      	2.836262e-02
0.0043       	2.836261e-02
0.00435      	2.836262e-02
0.0044       	2.836262e-02
0.00445      	2.836262e-02
0.0045       	2.836262e-02
0.00455      	2.836262e-02
0.0046       	2.836262e-02
0.00465      	2.836262e-02
0.0047       	2.836262e-02
0.00475      	2.836262e-02
0.0048       	2.836262e-02
0.00485      	2.836262e-02
0.0049       	2.836262e-02
0.00495      	2.836262e-02
0.005        	2.836262e-02
0.00505      	2.836262e-02
0.0051       	2.836262e-02
0.00515      	2.836262e-02
0.0052       	2.836262e-02
0.00525      	2.836262e-02
0.0053       	2.836262e-02
0.00535      	2.836262e-02
0.0054       	2.836262e-02
0.00545      	2.836262e-02
0.0055       	2.836262e-02
0.00555      	2.836262e-02
0.0056       	2.836262e-02
0.00565      	2.836262e-02
0.0057       	2.836262e-02
0.00575      	2.836262e-02
0.0058       	2.836262e-02
0.00585      	2.836262e-02
0.0059       	2.836262e-02
0.00595      	2.836262e-02
0.006        	2.836262e-02
0.00605      	2.836262e-02
0.0061       	2.836262e-02
0.00615      	2.836262e-02
0.0062       	2.836262e-02
0.00625      	2.836262e-02
0.0063       	2.836262e-02
0.00635      	2.836262e-02
0.0064       	2.836262e-02
0.00645      	2.836262e-02
0.0065       	2.836262e-02
0.00655      	2.836262e-02
0.0066       	2.836262e-02
0.00665      	2.836262e-02
0.0067       	2.836262e-02
0.00675      	2.836262e-02
0.0068       	2.836262e-02
0.00685      	2.836262e-02
0.0069       	2.836262e-02
0.00695      	2.836262e-02
0.007        	2.836262e-02
0.00705      	2.836262e-02
0.0071       	2.836262e-02
0.00715      	2.836262e-02
0.0072       	2.836262e-02
0.00725      	2.836262e-02
0.0073       	2.836262e-02
0.00735      	2.836261e-02
0.0074       	2.836262e-02
0.00745      	2.836262e-02
0.0075       	2.836262e-02
0.00755      	2.836262e-02
0.0076       	2.836262e-02
0.00765      	2.836262e-02
0.0077       	2.836262e-02
0.00775      	2.836262e-02
0.0078       	2.836262e-02
0.00785      	2.836262e-02
0.0079       	2.836262e-02
0.00795      	2.836262e-02
0.008        	2.836262e-02
0.00805      	2.836262e-02
0.0081       	2.836262e-02
0.00815      	2.836262e-02
0.0082       	2.836262e-02
0.00825      	2.836260e-02
0.0083       	2.836262e-02
0.00835      	2.836262e-02
0.0084       	2.836262e-02
0.00845      	2.836262e-02
0.0085       	2.836262e-02
0.00855      	2.836262e-02
0.0086       	2.836261e-02
0.00865      	2.836262e-02
0.0087       	2.836261e-02
0.00875      	2.836262e-02
0.0088       	2.836262e-02
0.00885      	2.836262e-02
0.0089       	2.836261e-02
0.00895      	2.836262e-02
0.009        	2.836262e-02
0.00905      	2.836262e-02
0.0091       	2.836260e-02
0.00915      	2.836262e-02
0.0092       	2.836261e-02
0.00925      	2.836262e-02
0.0093       	2.836261e-02
0.00935      	2.836262e-02
0.0094       	2.836261e-02
0.00945      	2.836262e-02
0.0095       	2.836262e-02
0.00955      	2.836262e-02
0.0096       	2.836262e-02
0.00965      	2.836261e-02
0.0097       	2.836261e-02
0.00975      	2.836262e-02
0.0098       	2.836262e-02
0.00985      	2.836261e-02
0.0099       	2.836262e-02
0.00995      	2.836261e-02
0.01         	2.836262e-02
0.01005      	2.836261e-02
0.0101       	2.836262e-02
0.01015      	2.836261e-02
0.0102       	2.836261e-02
0.01025      	2.836262e-02
0.0103       	2.836262e-02
0.01035      	2.836262e-02
0.0104       	2.836260e-02
0.01045      	2.836262e-02
0.0105       	2.836262e-02
0.01055      	2.836263e-02
0.0106       	2.836261e-02
0.01065      	2.836262e-02
0.0107       	2.836261e-02
0.01075      	2.836262e-02
0.0108       	2.836261e-02
0.01085      	2.836262e-02
0.0109       	2.836262e-02
0.01095      	2.836262e-02
0.011        	2.836262e-02
0.01105      	2.836261e-02
0.0111       	2.836262e-02
0.01115      	2.836262e-02
0.0112       	2.836262e-02
0.01125      	2.836261e-02
0.0113       	2.836262e-02
0.01135      	2.836262e-02
0.0114       	2.836262e-02
0.01145      	2.836262e-02
0.0115       	2.836261e-02
0.01155      	2.836262e-02
0.0116       	2.836262e-02
0.01165      	2.836262e-02
0.0117       	2.836261e-02
0.01175      	2.836262e-02
0.0118       	2.836261e-02
0.01185      	2.836261e-02
0.0119       	2.836261e-02
0.01195      	2.836262e-02
0.012        	2.836262e-02
0.01205      	2.836261e-02
0.0121       	2.836261e-02
0.01215      	2.836262e-02
0.0122       	2.836262e-02
0.01225      	2.836260e-02
0.0123       	2.836262e-02
0.01235      	2.836262e-02
0.0124       	2.836262e-02
0.01245      	2.836260e-02
0.0125       	2.836262e-02
0.01255      	2.836262e-02
0.0126       	2.836262e-02
0.01265      	2.836262e-02
0.0127       	2.836260e-02
0.01275      	2.836262e-02
0.0128       	2.836262e-02
0.01285      	2.836262e-02
0.0129       	2.836261e-02
0.01295      	2.836262e-02
0.013        	2.836262e-02
0.01305      	2.836262e-02
0.0131       	2.836261e-02
0.01315      	2.836261e-02
0.0132       	2.836260e-02
0.01325      	2.836260e-02
0.0133       	2.836258e-02
0.01335      	2.836258e-02
0.0134       	2.836258e-02
0.01345      	2.836257e-02
0.0135       	2.836256e-02
0.01355      	2.836253e-02
0.0136       	2.836252e-02
0.01365      	2.836251e-02
0.0137       	2.836249e-02
0.01375      	2.836247e-02
0.0138       	2.836244e-02
0.01385      	2.836243e-02
0.0139       	2.836241e-02
0.01395      	2.836239e-02
0.014        	2.836235e-02
0.01405      	2.836238e-02
0.0141       	2.836239e-02
0.01415      	2.836239e-02
0.0142       	2.836239e-02
0.01425      	2.836238e-02
0.0143       	2.836236e-02
0.01435      	2.836235e-02
0.0144       	2.836233e-02
0.01445      	2.836228e-02
0.0145       	2.836224e-02
0.01455      	2.836217e-02
0.0146       	2.836210e-02
0.01465      	2.836204e-02
0.0147       	2.836198e-02
0.01475      	2.836188e-02
0.0148       	2.836178e-02
0.01485      	2.836169e-02
0.0149       	2.836159e-02
0.01495      	2.836147e-02
0.015        	2.836135e-02
0.01505      	2.836147e-02
0.0151       	2.836159e-02
0.01515      	2.836169e-02
0.0152       	2.836180e-02
0.01525      	2.836189e-02
0.0153       	2.836199e-02
0.01535      	2.836209e-02
0.0154       	2.836216e-02
0.01545      	2.836223e-02
0.0155       	2.836229e-02
0.01555      	2.836235e-02
0.0156       	2.836241e-02
0.01565      	2.836247e-02
0.0157       	2.836251e-02
0.01575      	2.836254e-02
0.0158       	2.836257e-02
0.01585      	2.836259e-02
0.0159       	2.836261e-02
0.01595      	2.836261e-02
0.016        	2.836261e-02
0.01605      	2.836261e-02
0.0161       	2.836262e-02
0.01615      	2.836262e-02
0.0162       	2.836262e-02
0.01625      	2.836263e-02
0.0163       	2.836262e-02
0.01635      	2.836261e-02
0.0164       	2.836262e-02
0.01645      	2.836263e-02
0.0165       	2.836263e-02
0.01655      	2.836262e-02
0.0166       	2.836262e-02
0.01665      	2.836260e-02
0.0167       	2.836262e-02
0.01675      	2.836262e-02
0.0168       	2.836263e-02
0.01685      	2.836262e-02
0.0169       	2.836262e-02
0.01695      	2.836261e-02
0.017        	2.836262e-02
0.01705      	2.836262e-02
0.0171       	2.836263e-02
0.01715      	2.836262e-02
0.0172       	2.836261e-02
0.01725      	2.836262e-02
0.0173       	2.836261e-02
0.01735      	2.836261e-02
0.0174       	2.836260e-02
0.01745      	2.836262e-02
0.0175       	2.836263e-02
0.01755      	2.836262e-02
0.0176       	2.836261e-02
0.01765      	2.836260e-02
0.0177       	2.836262e-02
0.01775      	2.836262e-02
0.0178       	2.836261e-02
0.01785      	2.836262e-02
0.0179       	2.836262e-02
0.01795      	2.836261e-02
0.018        	2.836262e-02
0.01805      	2.836262e-02
0.0181       	2.836261e-02
0.01815      	2.836261e-02
0.0182       	2.836262e-02
0.01825      	2.836262e-02
0.0183       	2.836262e-02
0.01835      	2.836262e-02
0.0184       	2.836261e-02
0.01845      	2.836262e-02
0.0185       	2.836261e-02
0.01855      	2.836261e-02
0.0186       	2.836262e-02
0.01865      	2.836263e-02
0.0187       	2.836263e-02
0.01875      	2.836262e-02
0.0188       	2.836262e-02
0.01885      	2.836261e-02
0.0189       	2.836260e-02
0.01895      	2.836262e-02
0.019        	2.836262e-02
0.01905      	2.836261e-02
0.0191       	2.836259e-02
0.01915      	2.836258e-02
0.0192       	2.836255e-02
0.01925      	2.836252e-02
0.0193       	2.836248e-02
0.01935      	2.836243e-02
0.0194       	2.836238e-02
0.01945      	2.836230e-02
0.0195       	2.836225e-02
0.01955      	2.836218e-02
0.0196       	2.836209e-02
0.01965      	2.836201e-02
0.0197       	2.836192e-02
0.01975      	2.836182e-02
0.0198       	2.836171e-02
0.01985      	2.836160e-02
0.0199       	2.836147e-02
0.01995      	2.836134e-02
0.02         	2.836123e-02
0.02005      	2.836136e-02
0.0201       	2.836150e-02
0.02015      	2.836162e-02
0.0202       	2.836174e-02
0.02025      	2.836184e-02
0.0203       	2.836195e-02
0.02035      	2.836203e-02
0.0204       	2.836212e-02
0.02045      	2.836220e-02
0.0205       	2.836227e-02
0.02055      	2.836234e-02
0.0206       	2.836239e-02
0.02065      	2.836245e-02
0.0207       	2.836250e-02
0.02075      	2.836254e-02
0.0208       	2.836257e-02
0.02085      	2.836259e-02
0.0209       	2.836261e-02
0.02095      	2.836262e-02
0.021        	2.836263e-02
0.02105      	2.836263e-02
0.0211       	2.836264e-02
0.02115      	2.836262e-02
0.0212       	2.836261e-02
0.02125      	2.836262e-02
0.0213       	2.836262e-02
0.02135      	2.836261e-02
0.0214       	2.836262e-02
0.02145      	2.836262e-02
0.0215       	2.836262e-02
0.02155      	2.836261e-02
0.0216       	2.836261e-02
0.02165      	2.836261e-02
0.0217       	2.836262e-02
0.02175      	2.836263e-02
0.0218       	2.836262e-02
0.02185      	2.836262e-02
0.0219       	2.836261e-02
0.02195      	2.836262e-02
0.022        	2.836261e-02
0.02205      	2.836262e-02
0.0221       	2.836263e-02
0.02215      	2.836262e-02
0.0222       	2.836262e-02
0.02225      	2.836263e-02
0.0223       	2.836262e-02
0.02235      	2.836261e-02
0.0224       	2.836262e-02
0.02245      	2.836262e-02
0.0225       	2.836263e-02
0.02255      	2.836262e-02
0.0226       	2.836262e-02
0.02265      	2.836261e-02
0.0227       	2.836263e-02
0.02275      	2.836262e-02
0.0228       	2.836262e-02
0.02285      	2.836261e-02
0.0229       	2.836262e-02
0.02295      	2.836262e-02
0.023        	2.836262e-02
0.02305      	2.836261e-02
0.0231       	2.836262e-02
0.02315      	2.836262e-02
0.0232       	2.836263e-02
0.02325      	2.836263e-02
0.0233       	2.836262e-02
0.02335      	2.836263e-02
0.0234       	2.836263e-02
0.02345      	2.836263e-02
0.0235       	2.836266e-02
0.02355      	2.836266e-02
0.0236       	2.836267e-02
0.02365      	2.836267e-02
0.0237       	2.836268e-02
0.02375      	2.836269e-02
0.0238       	2.836271e-02
0.02385      	2.836273e-02
0.0239       	2.836273e-02
0.02395      	2.836274e-02
0.024        	2.836276e-02
0.02405      	2.836275e-02
0.0241       	2.836273e-02
0.02415      	2.836272e-02
0.0242       	2.836271e-02
0.02425      	2.836271e-02
0.0243       	2.836270e-02
0.02435      	2.836269e-02
0.0244       	2.836268e-02
0.02445      	2.836266e-02
0.0245       	2.836265e-02
0.02455      	2.836264e-02
0.0246       	2.836265e-02
0.02465      	2.836265e-02
0.0247       	2.836264e-02
0.02475      	2.836264e-02
0.0248       	2.836264e-02
0.02485      	2.836264e-02
0.0249       	2.836263e-02
0.02495      	2.836265e-02
0.025        	2.836265e-02
0.02505      	2.836264e-02
0.0251       	2.836263e-02
0.02515      	2.836264e-02
0.0252       	2.836264e-02
0.02525      	2.836264e-02
0.0253       	2.836262e-02
0.02535      	2.836261e-02
0.0254       	2.836260e-02
0.02545      	2.836259e-02
0.0255       	2.836258e-02
0.02555      	2.836258e-02
0.0256       	2.836257e-02
0.02565      	2.836256e-02
0.0257       	2.836255e-02
0.02575      	2.836253e-02
0.0258       	2.836252e-02
0.02585      	2.836251e-02
0.0259       	2.836250e-02
0.02595      	2.836248e-02
0.026        	2.836246e-02
0.02605      	2.836248e-02
0.0261       	2.836249e-02
0.02615      	2.836250e-02
0.0262       	2.836251e-02
0.02625      	2.836253e-02
0.0263       	2.836255e-02
0.02635      	2.836256e-02
0.0264       	2.836257e-02
0.02645      	2.836258e-02
0.0265       	2.836259e-02
0.02655      	2.836260e-02
0.0266       	2.836260e-02
0.02665      	2.836261e-02
0.0267       	2.836261e-02
0.02675      	2.836260e-02
0.0268       	2.836262e-02
0.02685      	2.836263e-02
0.0269       	2.836263e-02
0.02695      	2.836263e-02
0.027        	2.836263e-02
0.02705      	2.836263e-02
0.0271       	2.836262e-02
0.02715      	2.836262e-02
0.0272       	2.836262e-02
0.02725      	2.836262e-02
0.0273       	2.836262e-02
0.02735      	2.836262e-02
0.0274       	2.836263e-02
0.02745      	2.836262e-02
0.0275       	2.836262e-02
0.02755      	2.836261e-02
0.0276       	2.836262e-02
0.02765      	2.836263e-02
0.0277       	2.836263e-02
0.02775      	2.836262e-02
0.0278       	2.836261e-02
0.02785      	2.836261e-02
0.0279       	2.836261e-02
0.02795      	2.836262e-02
0.028        	2.836264e-02
0.02805      	2.836262e-02
0.0281       	2.836261e-02
0.02815      	2.836262e-02
0.0282       	2.836262e-02
0.02825      	2.836261e-02
0.0283       	2.836262e-02
0.02835      	2.836260e-02
0.0284       	2.836260e-02
0.02845      	2.836259e-02
0.0285       	2.836260e-02
0.02855      	2.836260e-02
0.0286       	2.836259e-02
0.02865      	2.836258e-02
0.0287       	2.836257e-02
0.02875      	2.836256e-02
0.0288       	2.836255e-02
0.02885      	2.836255e-02
0.0289       	2.836256e-02
0.02895      	2.836254e-02
0.029        	2.836253e-02
0.02905      	2.836254e-02
0.0291       	2.836256e-02
0.02915      	2.836256e-02
0.0292       	2.836255e-02
0.02925      	2.836255e-02
0.0293       	2.836256e-02
0.02935      	2.836256e-02
0.0294       	2.836255e-02
0.02945      	2.836254e-02
0.0295       	2.836253e-02
0.02955      	2.836252e-02
0.0296       	2.836252e-02
0.02965      	2.836251e-02
0.0297       	2.836250e-02
0.02975      	2.836249e-02
0.0298       	2.836246e-02
0.02985      	2.836246e-02
0.0299       	2.836246e-02
0.02995      	2.836244e-02
0.03         	2.836241e-02
0.03005      	2.836243e-02
0.0301       	2.836244e-02
0.03015      	2.836245e-02
0.0302       	2.836248e-02
0.03025      	2.836250e-02
0.0303       	2.836250e-02
0.03035      	2.836252e-02
0.0304       	2.836254e-02
0.03045      	2.836255e-02
0.0305       	2.836255e-02
0.03055      	2.836257e-02
0.0306       	2.836258e-02
0.03065      	2.836259e-02
0.0307       	2.836259e-02
0.03075      	2.836260e-02
0.0308       	2.836261e-02
0.03085      	2.836261e-02
0.0309       	2.836261e-02
0.03095      	2.836261e-02
0.031        	2.836260e-02
0.03105      	2.836260e-02
0.0311       	2.836259e-02
0.03115      	2.836261e-02
0.0312       	2.836262e-02
0.03125      	2.836263e-02
0.0313       	2.836262e-02
0.03135      	2.836260e-02
0.0314       	2.836260e-02
0.03145      	2.836260e-02
0.0315       	2.836260e-02
0.03155      	2.836259e-02
0.0316       	2.836259e-02
0.03165      	2.836259e-02
0.0317       	2.836259e-02
0.03175      	2.836258e-02
0.0318       	2.836257e-02
0.03185      	2.836256e-02
0.0319       	2.836257e-02
0.03195      	2.836257e-02
0.032        	2.836257e-02
0.03205      	2.836257e-02
0.0321       	2.836256e-02
0.03215      	2.836257e-02
0.0322       	2.836258e-02
0.03225      	2.836257e-02
0.0323       	2.836258e-02
0.03235      	2.836259e-02
0.0324       	2.836260e-02
0.03245      	2.836259e-02
0.0325       	2.836259e-02
0.03255      	2.836259e-02
0.0326       	2.836260e-02
0.03265      	2.836260e-02
0.0327       	2.836261e-02
0.03275      	2.836263e-02
0.0328       	2.836262e-02
0.03285      	2.836261e-02
0.0329       	2.836261e-02
0.03295      	2.836262e-02
0.033        	2.836263e-02
0.03305      	2.836262e-02
0.0331       	2.836261e-02
0.03315      	2.836261e-02
0.0332       	2.836262e-02
0.03325      	2.836263e-02
0.0333       	2.836263e-02
0.03335      	2.836263e-02
0.0334       	2.836263e-02
0.03345      	2.836261e-02
0.0335       	2.836263e-02
0.03355      	2.836263e-02
0.0336       	2.836264e-02
0.03365      	2.836262e-02
0.0337       	2.836263e-02
0.03375      	2.836265e-02
0.0338       	2.836264e-02
0.03385      	2.836264e-02
0.0339       	2.836265e-02
0.03395      	2.836265e-02
0.034        	2.836264e-02
0.03405      	2.836265e-02
0.0341       	2.836265e-02
0.03415      	2.836265e-02
0.0342       	2.836265e-02
0.03425      	2.836264e-02
0.0343       	2.836264e-02
0.03435      	2.836262e-02
0.0344       	2.836263e-02
0.03445      	2.836263e-02
0.0345       	2.836263e-02
0.03455      	2.836263e-02
0.0346       	2.836262e-02
0.03465      	2.836261e-02
0.0347       	2.836262e-02
0.03475      	2.836262e-02
0.0348       	2.836262e-02
0.03485      	2.836261e-02
0.0349       	2.836260e-02
0.03495      	2.836260e-02
0.035        	2.836260e-02
0.03505      	2.836260e-02
0.0351       	2.836259e-02
0.03515      	2.836261e-02
0.0352       	2.836261e-02
0.03525      	2.836260e-02
0.0353       	2.836262e-02
0.03535      	2.836262e-02
0.0354       	2.836262e-02
0.03545      	2.836261e-02
0.0355       	2.836263e-02
0.03555      	2.836264e-02
0.0356       	2.836264e-02
0.03565      	2.836263e-02
0.0357       	2.836264e-02
0.03575      	2.836264e-02
0.0358       	2.836265e-02
0.03585      	2.836266e-02
0.0359       	2.836266e-02
0.03595      	2.836266e-02
0.036        	2.836265e-02
0.03605      	2.836265e-02
0.0361       	2.836266e-02
0.03615      	2.836266e-02
0.0362       	2.836266e-02
0.03625      	2.836264e-02
0.0363       	2.836264e-02
0.03635      	2.836264e-02
0.0364       	2.836264e-02
0.03645      	2.836262e-02
0.0365       	2.836263e-02
0.03655      	2.836262e-02
0.0366       	2.836263e-02
0.03665      	2.836262e-02
0.0367       	2.836261e-02
0.03675      	2.836259e-02
0.0368       	2.836259e-02
0.03685      	2.836261e-02
0.0369       	2.836263e-02
0.03695      	2.836261e-02
0.037        	2.836261e-02
0.03705      	2.836261e-02
0.0371       	2.836261e-02
0.03715      	2.836260e-02
0.0372       	2.836259e-02
0.03725      	2.836259e-02
0.0373       	2.836258e-02
0.03735      	2.836256e-02
0.0374       	2.836256e-02
0.03745      	2.836255e-02
0.0375       	2.836255e-02
0.03755      	2.836253e-02
0.0376       	2.836252e-02
0.03765      	2.836248e-02
0.0377       	2.836246e-02
0.03775      	2.836244e-02
0.0378       	2.836242e-02
0.03785      	2.836239e-02
0.0379       	2.836235e-02
0.03795      	2.836231e-02
0.038        	2.836231e-02
0.03805      	2.836233e-02
0.0381       	2.836235e-02
0.03815      	2.836238e-02
0.0382       	2.836242e-02
0.03825      	2.836242e-02
0.0383       	2.836242e-02
0.03835      	2.836244e-02
0.0384       	2.836246e-02
0.03845      	2.836248e-02
0.0385       	2.836247e-02
0.03855      	2.836246e-02
0.0386       	2.836247e-02
0.03865      	2.836247e-02
0.0387       	2.836246e-02
0.03875      	2.836246e-02
0.0388       	2.836242e-02
0.03885      	2.836241e-02
0.0389       	2.836239e-02
0.03895      	2.836236e-02
0.039        	2.836234e-02
0.03905      	2.836237e-02
0.0391       	2.836240e-02
0.03915      	2.836241e-02
0.0392       	2.836243e-02
0.03925      	2.836244e-02
0.0393       	2.836248e-02
0.03935      	2.836251e-02
0.0394       	2.836254e-02
0.03945      	2.836256e-02
0.0395       	2.836256e-02
0.03955      	2.836258e-02
0.0396       	2.836258e-02
0.03965      	2.836258e-02
0.0397       	2.836262e-02
0.03975      	2.836263e-02
0.0398       	2.836263e-02
0.03985      	2.836264e-02
0.0399       	2.836265e-02
0.03995      	2.836265e-02
0.04         	2.836267e-02
0.04005      	2.836267e-02
0.0401       	2.836267e-02
0.04015      	2.836266e-02
0.0402       	2.836264e-02
0.04025      	2.836265e-02
0.0403       	2.836266e-02
0.04035      	2.836264e-02
0.0404       	2.836262e-02
0.04045      	2.836263e-02
0.0405       	2.836264e-02
0.04055      	2.836264e-02
0.0406       	2.836262e-02
0.04065      	2.836262e-02
0.0407       	2.836263e-02
0.04075      	2.836262e-02
0.0408       	2.836261e-02
0.04085      	2.836261e-02
0.0409       	2.836262e-02
0.04095      	2.836261e-02
0.041        	2.836259e-02
0.04105      	2.836261e-02
0.0411       	2.836262e-02
0.04115      	2.836261e-02
0.0412       	2.836260e-02
0.04125      	2.836261e-02
0.0413       	2.836262e-02
0.04135      	2.836262e-02
0.0414       	2.836262e-02
0.04145      	2.836263e-02
0.0415       	2.836264e-02
0.04155      	2.836263e-02
0.0416       	2.836262e-02
0.04165      	2.836264e-02
0.0417       	2.836265e-02
0.04175      	2.836264e-02
0.0418       	2.836265e-02
0.04185      	2.836265e-02
0.0419       	2.836264e-02
0.04195      	2.836265e-02
0.042        	2.836267e-02
0.04205      	2.836267e-02
0.0421       	2.836266e-02
0.04215      	2.836266e-02
0.0422       	2.836266e-02
0.04225      	2.836265e-02
0.0423       	2.836265e-02
0.04235      	2.836265e-02
0.0424       	2.836266e-02
0.04245      	2.836265e-02
0.0425       	2.836264e-02
0.04255      	2.836262e-02
0.0426       	2.836261e-02
0.04265      	2.836260e-02
0.0427       	2.836260e-02
0.04275      	2.836262e-02
0.0428       	2.836261e-02
0.04285      	2.836261e-02
0.0429       	2.836261e-02
0.04295      	2.836261e-02
0.043        	2.836261e-02
0.04305      	2.836262e-02
0.0431       	2.836261e-02
0.04315      	2.836261e-02
0.0432       	2.836260e-02
0.04325      	2.836262e-02
0.0433       	2.836263e-02
0.04335      	2.836264e-02
0.0434       	2.836263e-02
0.04345      	2.836261e-02
0.0435       	2.836263e-02
0.04355      	2.836264e-02
0.0436       	2.836264e-02
0.04365      	2.836266e-02
0.0437       	2.836265e-02
0.04375      	2.836265e-02
0.0438       	2.836267e-02
0.04385      	2.836268e-02
0.0439       	2.836267e-02
0.04395      	2.836268e-02
0.044        	2.836269e-02
0.04405      	2.836268e-02
0.0441       	2.836268e-02
0.04415      	2.836267e-02
0.0442       	2.836267e-02
0.04425      	2.836266e-02
0.0443       	2.836266e-02
0.04435      	2.836266e-02
0.0444       	2.836265e-02
0.04445      	2.836265e-02
0.0445       	2.836265e-02
0.04455      	2.836264e-02
0.0446       	2.836264e-02
0.04465      	2.836264e-02
0.0447       	2.836263e-02
0.04475      	2.836262e-02
0.0448       	2.836264e-02
0.04485      	2.836263e-02
0.0449       	2.836263e-02
0.04495      	2.836264e-02
0.045        	2.836263e-02
0.04505      	2.836263e-02
0.0451       	2.836263e-02
0.04515      	2.836263e-02
0.0452       	2.836262e-02
0.04525      	2.836263e-02
0.0453       	2.836264e-02
0.04535      	2.836264e-02
0.0454       	2.836263e-02
0.04545      	2.836262e-02
0.0455       	2.836263e-02
0.04555      	2.836263e-02
0.0456       	2.836262e-02
0.04565      	2.836263e-02
0.0457       	2.836263e-02
0.04575      	2.836263e-02
0.0458       	2.836264e-02
0.04585      	2.836265e-02
0.0459       	2.836264e-02
0.04595      	2.836263e-02
0.046        	2.836263e-02
0.04605      	2.836263e-02
0.0461       	2.836262e-02
0.04615      	2.836262e-02
0.0462       	2.836263e-02
0.04625      	2.836263e-02
0.0463       	2.836263e-02
0.04635      	2.836264e-02
0.0464       	2.836262e-02
0.04645      	2.836263e-02
0.0465       	2.836264e-02
0.04655      	2.836264e-02
0.0466       	2.836263e-02
0.04665      	2.836263e-02
0.0467       	2.836262e-02
0.04675      	2.836262e-02
0.0468       	2.836262e-02
0.04685      	2.836263e-02
0.0469       	2.836264e-02
0.04695      	2.836263e-02
0.047        	2.836262e-02
0.04705      	2.836261e-02
0.0471       	2.836261e-02
0.04715      	2.836262e-02
0.0472       	2.836264e-02
0.04725      	2.836264e-02
0.0473       	2.836262e-02
0.04735      	2.836260e-02
0.0474       	2.836259e-02
0.04745      	2.836260e-02
0.0475       	2.836260e-02
0.04755      	2.836259e-02
0.0476       	2.836259e-02
0.04765      	2.836259e-02
0.0477       	2.836258e-02
0.04775      	2.836258e-02
0.0478       	2.836258e-02
0.04785      	2.836258e-02
0.0479       	2.836255e-02
0.04795      	2.836254e-02
0.048        	2.836255e-02
0.04805      	2.836254e-02
0.0481       	2.836255e-02
0.04815      	2.836257e-02
0.0482       	2.836257e-02
0.04825      	2.836259e-02
0.0483       	2.836260e-02
0.04835      	2.836259e-02
0.0484       	2.836258e-02
0.04845      	2.836258e-02
0.0485       	2.836261e-02
0.04855      	2.836261e-02
0.0486       	2.836260e-02
0.04865      	2.836260e-02
0.0487       	2.836262e-02
0.04875      	2.836262e-02
0.0488       	2.836264e-02
0.04885      	2.836265e-02
0.0489       	2.836263e-02
0.04895      	2.836262e-02
0.049        	2.836264e-02
0.04905      	2.836266e-02
0.0491       	2.836263e-02
0.04915      	2.836263e-02
0.0492       	2.836263e-02
0.04925      	2.836265e-02
0.0493       	2.836264e-02
0.04935      	2.836265e-02
0.0494       	2.836264e-02
0.04945      	2.836264e-02
0.0495       	2.836265e-02
0.04955      	2.836266e-02
0.0496       	2.836267e-02
0.04965      	2.836268e-02
0.0497       	2.836270e-02
0.04975      	2.836269e-02
0.0498       	2.836270e-02
0.04985      	2.836271e-02
0.0499       	2.836272e-02
0.04995      	2.836274e-02
0.05         	2.836276e-02
0.05005      	2.836273e-02
0.0501       	2.836272e-02
0.05015      	2.836271e-02
0.0502       	2.836270e-02
0.05025      	2.836268e-02
0.0503       	2.836267e-02
0.05035      	2.836266e-02
0.0504       	2.836265e-02
0.05045      	2.836264e-02
0.0505       	2.836263e-02
0.05055      	2.836261e-02
0.0506       	2.836260e-02
0.05065      	2.836259e-02
0.0507       	2.836258e-02
0.05075      	2.836257e-02
0.0508       	2.836256e-02
0.05085      	2.836255e-02
0.0509       	2.836253e-02
0.05095      	2.836252e-02
0.051        	2.836253e-02
0.05105      	2.836254e-02
0.0511       	2.836254e-02
0.05115      	2.836253e-02
0.0512       	2.836254e-02
0.05125      	2.836255e-02
0.0513       	2.836256e-02
0.05135      	2.836257e-02
0.0514       	2.836258e-02
0.05145      	2.836259e-02
0.0515       	2.836260e-02
0.05155      	2.836261e-02
0.0516       	2.836260e-02
0.05165      	2.836260e-02
0.0517       	2.836260e-02
0.05175      	2.836261e-02
0.0518       	2.836261e-02
0.05185      	2.836262e-02
0.0519       	2.836263e-02
0.05195      	2.836265e-02
0.052        	2.836263e-02
0.05205      	2.836262e-02
0.0521       	2.836263e-02
0.05215      	2.836263e-02
0.0522       	2.836263e-02
0.05225      	2.836262e-02
0.0523       	2.836262e-02
0.05235      	2.836261e-02
0.0524       	2.836261e-02
0.05245      	2.836262e-02
0.0525       	2.836262e-02
0.05255      	2.836263e-02
0.0526       	2.836262e-02
0.05265      	2.836262e-02
0.0527       	2.836262e-02
0.05275      	2.836262e-02
0.0528       	2.836264e-02
0.05285      	2.836262e-02
0.0529       	2.836263e-02
0.05295      	2.836262e-02
0.053        	2.836263e-02
0.05305      	2.836263e-02
0.0531       	2.836263e-02
0.05315      	2.836262e-02
0.0532       	2.836261e-02
0.05325      	2.836260e-02
0.0533       	2.836261e-02
0.05335      	2.836260e-02
0.0534       	2.836259e-02
0.05345      	2.836258e-02
0.0535       	2.836258e-02
0.05355      	2.836259e-02
0.0536       	2.836256e-02
0.05365      	2.836255e-02
0.0537       	2.836255e-02
0.05375      	2.836253e-02
0.0538       	2.836252e-02
0.05385      	2.836251e-02
0.0539       	2.836249e-02
0.05395      	2.836248e-02
0.054        	2.836245e-02
0.05405      	2.836246e-02
0.0541       	2.836249e-02
0.05415      	2.836251e-02
0.0542       	2.836252e-02
0.05425      	2.836253e-02
0.0543       	2.836254e-02
0.05435      	2.836255e-02
0.0544       	2.836256e-02
0.05445      	2.836257e-02
0.0545       	2.836257e-02
0.05455      	2.836258e-02
0.0546       	2.836259e-02
0.05465      	2.836259e-02
0.0547       	2.836260e-02
0.05475      	2.836261e-02
0.0548       	2.836259e-02
0.05485      	2.836259e-02
0.0549       	2.836260e-02
0.05495      	2.836261e-02
0.055        	2.836260e-02
0.05505      	2.836262e-02
0.0551       	2.836260e-02
0.05515      	2.836260e-02
0.0552       	2.836261e-02
0.05525      	2.836260e-02
0.0553       	2.836261e-02
0.05535      	2.836261e-02
0.0554       	2.836261e-02
0.05545      	2.836262e-02
0.0555       	2.836261e-02
0.05555      	2.836261e-02
0.0556       	2.836261e-02
0.05565      	2.836261e-02
0.0557       	2.836261e-02
0.05575      	2.836262e-02
0.0558       	2.836261e-02
0.05585      	2.836261e-02
0.0559       	2.836261e-02
0.05595      	2.836262e-02
0.056        	2.836260e-02
0.05605      	2.836259e-02
0.0561       	2.836261e-02
0.05615      	2.836260e-02
0.0562       	2.836264e-02
0.05625      	2.836261e-02
0.0563       	2.836260e-02
0.05635      	2.836261e-02
0.0564       	2.836261e-02
0.05645      	2.836261e-02
0.0565       	2.836260e-02
0.05655      	2.836261e-02
0.0566       	2.836261e-02
0.05665      	2.836262e-02
0.0567       	2.836262e-02
0.05675      	2.836261e-02
0.0568       	2.836261e-02
0.05685      	2.836261e-02
0.0569       	2.836261e-02
0.05695      	2.836262e-02
0.057        	2.836261e-02
0.05705      	2.836261e-02
0.0571       	2.836260e-02
0.05715      	2.836262e-02
0.0572       	2.836261e-02
0.05725      	2.836262e-02
0.0573       	2.836262e-02
0.05735      	2.836264e-02
0.0574       	2.836261e-02
0.05745      	2.836262e-02
0.0575       	2.836263e-02
0.05755      	2.836262e-02
0.0576       	2.836263e-02
0.05765      	2.836262e-02
0.0577       	2.836262e-02
0.05775      	2.836263e-02
0.0578       	2.836263e-02
0.05785      	2.836263e-02
0.0579       	2.836265e-02
0.05795      	2.836263e-02
0.058        	2.836263e-02
0.05805      	2.836265e-02
0.0581       	2.836263e-02
0.05815      	2.836264e-02
0.0582       	2.836262e-02
0.05825      	2.836262e-02
0.0583       	2.836262e-02
0.05835      	2.836263e-02
0.0584       	2.836261e-02
0.05845      	2.836262e-02
0.0585       	2.836263e-02
0.05855      	2.836262e-02
0.0586       	2.836264e-02
0.05865      	2.836263e-02
0.0587       	2.836263e-02
0.05875      	2.836265e-02
0.0588       	2.836263e-02
0.05885      	2.836263e-02
0.0589       	2.836265e-02
0.05895      	2.836266e-02
0.059        	2.836264e-02
0.05905      	2.836264e-02
0.0591       	2.836264e-02
0.05915      	2.836263e-02
0.0592       	2.836264e-02
0.05925      	2.836263e-02
0.0593       	2.836264e-02
0.05935      	2.836263e-02
0.0594       	2.836263e-02
0.05945      	2.836263e-02
0.0595       	2.836265e-02
0.05955      	2.836262e-02
0.0596       	2.836262e-02
0.05965      	2.836263e-02
0.0597       	2.836262e-02
0.05975      	2.836263e-02
0.0598       	2.836266e-02
0.05985      	2.836263e-02
0.0599       	2.836264e-02
0.05995      	2.836264e-02
0.06         	2.836266e-02
0.06005      	2.836264e-02
0.0601       	2.836263e-02
0.06015      	2.836262e-02
0.0602       	2.836263e-02
0.06025      	2.836264e-02
0.0603       	2.836263e-02
0.06035      	2.836261e-02
0.0604       	2.836261e-02
0.06045      	2.836261e-02
0.0605       	2.836262e-02
0.06055      	2.836262e-02
0.0606       	2.836262e-02
0.06065      	2.836264e-02
0.0607       	2.836261e-02
0.06075      	2.836260e-02
0.0608       	2.836261e-02
0.06085      	2.836261e-02
0.0609       	2.836261e-02
0.06095      	2.836261e-02
0.061        	2.836262e-02
0.06105      	2.836261e-02
0.0611       	2.836261e-02
0.06115      	2.836261e-02
0.0612       	2.836261e-02
0.06125      	2.836263e-02
0.0613       	2.836261e-02
0.06135      	2.836261e-02
0.0614       	2.836262e-02
0.06145      	2.836261e-02
0.0615       	2.836260e-02
0.06155      	2.836260e-02
0.0616       	2.836260e-02
0.06165      	2.836260e-02
0.0617       	2.836261e-02
0.06175      	2.836260e-02
0.0618       	2.836262e-02
0.06185      	2.836260e-02
0.0619       	2.836259e-02
0.06195      	2.836260e-02
0.062        	2.836262e-02
0.06205      	2.836261e-02
0.0621       	2.836261e-02
0.06215      	2.836260e-02
0.0622       	2.836259e-02
0.06225      	2.836260e-02
0.0623       	2.836261e-02
0.06235      	2.836261e-02
0.0624       	2.836261e-02
0.06245      	2.836263e-02
0.0625       	2.836261e-02
0.06255      	2.836261e-02
0.0626       	2.836261e-02
0.06265      	2.836262e-02
0.0627       	2.836263e-02
0.06275      	2.836261e-02
0.0628       	2.836259e-02
0.06285      	2.836261e-02
0.0629       	2.836260e-02
0.06295      	2.836260e-02
0.063        	2.836261e-02
0.06305      	2.836261e-02
0.0631       	2.836260e-02
0.06315      	2.836260e-02
0.0632       	2.836261e-02
0.06325      	2.836261e-02
0.0633       	2.836262e-02
0.06335      	2.836262e-02
0.0634       	2.836262e-02
0.06345      	2.836263e-02
0.0635       	2.836262e-02
0.06355      	2.836263e-02
0.0636       	2.836263e-02
0.06365      	2.836263e-02
0.0637       	2.836263e-02
0.06375      	2.836263e-02
0.0638       	2.836263e-02
0.06385      	2.836264e-02
0.0639       	2.836266e-02
0.06395      	2.836265e-02
0.064        	2.836264e-02
0.06405      	2.836265e-02
0.0641       	2.836266e-02
0.06415      	2.836266e-02
0.0642       	2.836265e-02
0.06425      	2.836265e-02
0.0643       	2.836264e-02
0.06435      	2.836262e-02
0.0644       	2.836262e-02
0.06445      	2.836262e-02
0.0645       	2.836261e-02
0.06455      	2.836263e-02
0.0646       	2.836263e-02
0.06465      	2.836264e-02
0.0647       	2.836263e-02
0.06475      	2.836261e-02
0.0648       	2.836263e-02
0.06485      	2.836263e-02
0.0649       	2.836264e-02
0.06495      	2.836264e-02
0.065        	2.836263e-02
0.06505      	2.836263e-02
0.0651       	2.836262e-02
0.06515      	2.836261e-02
0.0652       	2.836262e-02
0.06525      	2.836262e-02
0.0653       	2.836262e-02
0.06535      	2.836264e-02
0.0654       	2.836263e-02
0.06545      	2.836262e-02
0.0655       	2.836261e-02
0.06555      	2.836262e-02
0.0656       	2.836262e-02
0.06565      	2.836262e-02
0.0657       	2.836263e-02
0.06575      	2.836263e-02
0.0658       	2.836263e-02
0.06585      	2.836262e-02
0.0659       	2.836264e-02
0.06595      	2.836263e-02
0.066        	2.836264e-02
0.06605      	2.836265e-02
0.0661       	2.836262e-02
0.06615      	2.836263e-02
0.0662       	2.836263e-02
0.06625      	2.836264e-02
0.0663       	2.836262e-02
0.06635      	2.836262e-02
0.0664       	2.836262e-02
0.06645      	2.836263e-02
0.0665       	2.836262e-02
0.06655      	2.836261e-02
0.0666       	2.836261e-02
0.06665      	2.836260e-02
0.0667       	2.836260e-02
0.06675      	2.836259e-02
0.0668       	2.836260e-02
0.06685      	2.836260e-02
0.0669       	2.836260e-02
0.06695      	2.836259e-02
0.067        	2.836258e-02
0.06705      	2.836257e-02
0.0671       	2.836259e-02
0.06715      	2.836259e-02
0.0672       	2.836259e-02
0.06725      	2.836258e-02
0.0673       	2.836260e-02
0.06735      	2.836260e-02
0.0674       	2.836260e-02
0.06745      	2.836259e-02
0.0675       	2.836260e-02
0.06755      	2.836260e-02
0.0676       	2.836259e-02
0.06765      	2.836260e-02
0.0677       	2.836260e-02
0.06775      	2.836259e-02
0.0678       	2.836258e-02
0.06785      	2.836259e-02
0.0679       	2.836259e-02
0.06795      	2.836257e-02
0.068        	2.836258e-02
0.06805      	2.836258e-02
0.0681       	2.836258e-02
0.06815      	2.836259e-02
0.0682       	2.836258e-02
0.06825      	2.836259e-02
0.0683       	2.836259e-02
0.06835      	2.836258e-02
0.0684       	2.836259e-02
0.06845      	2.836259e-02
0.0685       	2.836258e-02
0.06855      	2.836258e-02
0.0686       	2.836259e-02
0.06865      	2.836257e-02
0.0687       	2.836257e-02
0.06875      	2.836256e-02
0.0688       	2.836256e-02
0.06885      	2.836257e-02
0.0689       	2.836255e-02
0.06895      	2.836254e-02
0.069        	2.836252e-02
0.06905      	2.836254e-02
0.0691       	2.836254e-02
0.06915      	2.836255e-02
0.0692       	2.836256e-02
0.06925      	2.836256e-02
0.0693       	2.836257e-02
0.06935      	2.836257e-02
0.0694       	2.836258e-02
0.06945      	2.836258e-02
0.0695       	2.836259e-02
0.06955      	2.836259e-02
0.0696       	2.836260e-02
0.06965      	2.836260e-02
0.0697       	2.836261e-02
0.06975      	2.836260e-02
0.0698       	2.836261e-02
0.06985      	2.836261e-02
0.0699       	2.836262e-02
0.06995      	2.836261e-02
0.07         	2.836262e-02
0.07005      	2.836262e-02
0.0701       	2.836261e-02
0.07015      	2.836262e-02
0.0702       	2.836262e-02
0.07025      	2.836261e-02
0.0703       	2.836262e-02
0.07035      	2.836260e-02
0.0704       	2.836262e-02
0.07045      	2.836261e-02
0.0705       	2.836262e-02
0.07055      	2.836261e-02
0.0706       	2.836262e-02
0.07065      	2.836262e-02
0.0707       	2.836260e-02
0.07075      	2.836261e-02
0.0708       	2.836259e-02
0.07085      	2.836261e-02
0.0709       	2.836263e-02
0.07095      	2.836263e-02
0.071        	2.836261e-02
0.07105      	2.836261e-02
0.0711       	2.836261e-02
0.07115      	2.836261e-02
0.0712       	2.836261e-02
0.07125      	2.836261e-02
0.0713       	2.836260e-02
0.07135      	2.836261e-02
0.0714       	2.836261e-02
0.07145      	2.836261e-02
0.0715       	2.836260e-02
0.07155      	2.836261e-02
0.0716       	2.836261e-02
0.07165      	2.836261e-02
0.0717       	2.836260e-02
0.07175      	2.836261e-02
0.0718       	2.836259e-02
0.07185      	2.836261e-02
0.0719       	2.836260e-02
0.07195      	2.836261e-02
0.072        	2.836259e-02
0.07205      	2.836260e-02
0.0721       	2.836259e-02
0.07215      	2.836261e-02
0.0722       	2.836260e-02
0.07225      	2.836261e-02
0.0723       	2.836260e-02
0.07235      	2.836261e-02
0.0724       	2.836262e-02
0.07245      	2.836262e-02
0.0725       	2.836262e-02
0.07255      	2.836262e-02
0.0726       	2.836261e-02
0.07265      	2.836262e-02
0.0727       	2.836262e-02
0.07275      	2.836262e-02
0.0728       	2.836262e-02
0.07285      	2.836263e-02
0.0729       	2.836263e-02
0.07295      	2.836263e-02
0.073        	2.836262e-02
0.07305      	2.836263e-02
0.0731       	2.836262e-02
0.07315      	2.836263e-02
0.0732       	2.836262e-02
0.07325      	2.836263e-02
0.0733       	2.836261e-02
0.07335      	2.836262e-02
0.0734       	2.836261e-02
0.07345      	2.836262e-02
0.0735       	2.836261e-02
0.07355      	2.836262e-02
0.0736       	2.836260e-02
0.07365      	2.836261e-02
0.0737       	2.836260e-02
0.07375      	2.836261e-02
0.0738       	2.836260e-02
0.07385      	2.836261e-02
0.0739       	2.836260e-02
0.07395      	2.836260e-02
0.074        	2.836259e-02
0.07405      	2.836260e-02
0.0741       	2.836260e-02
0.07415      	2.836261e-02
0.0742       	2.836259e-02
0.07425      	2.836261e-02
0.0743       	2.836261e-02
0.07435      	2.836261e-02
0.0744       	2.836260e-02
0.07445      	2.836261e-02
0.0745       	2.836261e-02
0.07455      	2.836260e-02
0.0746       	2.836261e-02
0.07465      	2.836260e-02
0.0747       	2.836261e-02
0.07475      	2.836260e-02
0.0748       	2.836261e-02
0.07485      	2.836260e-02
0.0749       	2.836260e-02
0.07495      	2.836261e-02
0.075        	2.836259e-02
0.07505      	2.836260e-02
0.0751       	2.836260e-02
0.07515      	2.836261e-02
0.0752       	2.836258e-02
0.07525      	2.836261e-02
0.0753       	2.836260e-02
0.07535      	2.836260e-02
0.0754       	2.836261e-02
0.07545      	2.836261e-02
0.0755       	2.836261e-02
0.07555      	2.836260e-02
0.0756       	2.836261e-02
0.07565      	2.836261e-02
0.0757       	2.836259e-02
0.07575      	2.836261e-02
0.0758       	2.836260e-02
0.07585      	2.836259e-02
0.0759       	2.836261e-02
0.07595      	2.836260e-02
0.076        	2.836260e-02
0.07605      	2.836260e-02
0.0761       	2.836261e-02
0.07615      	2.836260e-02
0.0762       	2.836261e-02
0.07625      	2.836259e-02
0.0763       	2.836261e-02
0.07635      	2.836260e-02
0.0764       	2.836260e-02
0.07645      	2.836260e-02
0.0765       	2.836260e-02
0.07655      	2.836259e-02
0.0766       	2.836260e-02
0.07665      	2.836259e-02
0.0767       	2.836259e-02
0.07675      	2.836259e-02
0.0768       	2.836257e-02
0.07685      	2.836258e-02
0.0769       	2.836257e-02
0.07695      	2.836257e-02
0.077        	2.836255e-02
0.07705      	2.836258e-02
0.0771       	2.836259e-02
0.07715      	2.836257e-02
0.0772       	2.836259e-02
0.07725      	2.836258e-02
0.0773       	2.836257e-02
0.07735      	2.836260e-02
0.0774       	2.836260e-02
0.07745      	2.836259e-02
0.0775       	2.836261e-02
0.07755      	2.836261e-02
0.0776       	2.836262e-02
0.07765      	2.836261e-02
0.0777       	2.836263e-02
0.07775      	2.836262e-02
0.0778       	2.836263e-02
0.07785      	2.836263e-02
0.0779       	2.836264e-02
0.07795      	2.836264e-02
0.078        	2.836265e-02
0.07805      	2.836263e-02
0.0781       	2.836264e-02
0.07815      	2.836263e-02
0.0782       	2.836263e-02
0.07825      	2.836262e-02
0.0783       	2.836263e-02
0.07835      	2.836262e-02
0.0784       	2.836263e-02
0.07845      	2.836262e-02
0.0785       	2.836262e-02
0.07855      	2.836261e-02
0.0786       	2.836262e-02
0.07865      	2.836262e-02
0.0787       	2.836261e-02
0.07875      	2.836262e-02
0.0788       	2.836262e-02
0.07885      	2.836260e-02
0.0789       	2.836261e-02
0.07895      	2.836262e-02
0.079        	2.836260e-02
0.07905      	2.836262e-02
0.0791       	2.836263e-02
0.07915      	2.836262e-02
0.0792       	2.836260e-02
0.07925      	2.836262e-02
0.0793       	2.836262e-02
0.07935      	2.836260e-02
0.0794       	2.836262e-02
0.07945      	2.836263e-02
0.0795       	2.836262e-02
0.07955      	2.836262e-02
0.0796       	2.836261e-02
0.07965      	2.836262e-02
0.0797       	2.836263e-02
0.07975      	2.836261e-02
0.0798       	2.836263e-02
0.07985      	2.836263e-02
0.0799       	2.836263e-02
0.07995      	2.836261e-02
0.08         	2.836263e-02
0.08005      	2.836263e-02
0.0801       	2.836262e-02
0.08015      	2.836263e-02
0.0802       	2.836262e-02
0.08025      	2.836263e-02
0.0803       	2.836261e-02
0.08035      	2.836263e-02
0.0804       	2.836263e-02
0.08045      	2.836261e-02
0.0805       	2.836262e-02
0.08055      	2.836261e-02
0.0806       	2.836262e-02
0.08065      	2.836262e-02
0.0807       	2.836260e-02
0.08075      	2.836262e-02
0.0808       	2.836264e-02
0.08085      	2.836264e-02
0.0809       	2.836262e-02
0.08095      	2.836262e-02
0.081        	2.836261e-02
0.08105      	2.836262e-02
0.0811       	2.836263e-02
0.08115      	2.836262e-02
0.0812       	2.836260e-02
0.08125      	2.836262e-02
0.0813       	2.836261e-02
0.08135      	2.836260e-02
0.0814       	2.836260e-02
0.08145      	2.836261e-02
0.0815       	2.836260e-02
0.08155      	2.836257e-02
0.0816       	2.836258e-02
0.08165      	2.836258e-02
0.0817       	2.836256e-02
0.08175      	2.836256e-02
0.0818       	2.836256e-02
0.08185      	2.836253e-02
0.0819       	2.836254e-02
0.08195      	2.836254e-02
0.082        	2.836252e-02
0.08205      	2.836251e-02
0.0821       	2.836254e-02
0.08215      	2.836255e-02
0.0822       	2.836253e-02
0.08225      	2.836255e-02
0.0823       	2.836256e-02
0.08235      	2.836255e-02
0.0824       	2.836256e-02
0.08245      	2.836256e-02
0.0825       	2.836256e-02
0.08255      	2.836258e-02
0.0826       	2.836255e-02
0.08265      	2.836255e-02
0.0827       	2.836255e-02
0.08275      	2.836253e-02
0.0828       	2.836254e-02
0.08285      	2.836254e-02
0.0829       	2.836252e-02
0.08295      	2.836249e-02
0.083        	2.836249e-02
0.08305      	2.836251e-02
0.0831       	2.836253e-02
0.08315      	2.836255e-02
0.0832       	2.836255e-02
0.08325      	2.836254e-02
0.0833       	2.836256e-02
0.08335      	2.836258e-02
0.0834       	2.836259e-02
0.08345      	2.836259e-02
0.0835       	2.836258e-02
0.08355      	2.836260e-02
0.0836       	2.836260e-02
0.08365      	2.836260e-02
0.0837       	2.836262e-02
0.08375      	2.836261e-02
0.0838       	2.836263e-02
0.08385      	2.836263e-02
0.0839       	2.836264e-02
0.08395      	2.836264e-02
0.084        	2.836264e-02
0.08405      	2.836262e-02
0.0841       	2.836262e-02
0.08415      	2.836264e-02
0.0842       	2.836265e-02
0.08425      	2.836265e-02
0.0843       	2.836265e-02
0.08435      	2.836263e-02
0.0844       	2.836264e-02
0.08445      	2.836265e-02
0.0845       	2.836264e-02
0.08455      	2.836266e-02
0.0846       	2.836266e-02
0.08465      	2.836266e-02
0.0847       	2.836268e-02
0.08475      	2.836270e-02
0.0848       	2.836271e-02
0.08485      	2.836270e-02
0.0849       	2.836272e-02
0.08495      	2.836273e-02
0.085        	2.836274e-02
0.08505      	2.836274e-02
0.0851       	2.836272e-02
0.08515      	2.836272e-02
0.0852       	2.836272e-02
0.08525      	2.836271e-02
0.0853       	2.836270e-02
0.08535      	2.836265e-02
0.0854       	2.836266e-02
0.08545      	2.836265e-02
0.0855       	2.836265e-02
0.08555      	2.836263e-02
0.0856       	2.836261e-02
0.08565      	2.836263e-02
0.0857       	2.836265e-02
0.08575      	2.836262e-02
0.0858       	2.836262e-02
0.08585      	2.836261e-02
0.0859       	2.836260e-02
0.08595      	2.836262e-02
0.086        	2.836263e-02
0.08605      	2.836264e-02
0.0861       	2.836264e-02
0.08615      	2.836262e-02
0.0862       	2.836262e-02
0.08625      	2.836263e-02
0.0863       	2.836263e-02
0.08635      	2.836262e-02
0.0864       	2.836262e-02
0.08645      	2.836260e-02
0.0865       	2.836261e-02
0.08655      	2.836261e-02
0.0866       	2.836261e-02
0.08665      	2.836260e-02
0.0867       	2.836258e-02
0.08675      	2.836260e-02
0.0868       	2.836260e-02
0.08685      	2.836259e-02
0.0869       	2.836258e-02
0.08695      	2.836259e-02
0.087        	2.836260e-02
0.08705      	2.836259e-02
0.0871       	2.836260e-02
0.08715      	2.836258e-02
0.0872       	2.836260e-02
0.08725      	2.836261e-02
0.0873       	2.836262e-02
0.08735      	2.836262e-02
0.0874       	2.836260e-02
0.08745      	2.836259e-02
0.0875       	2.836260e-02
0.08755      	2.836260e-02
0.0876       	2.836259e-02
0.08765      	2.836258e-02
0.0877       	2.836256e-02
0.08775      	2.836258e-02
0.0878       	2.836257e-02
0.08785      	2.836257e-02
0.0879       	2.836256e-02
0.08795      	2.836256e-02
0.088        	2.836255e-02
0.08805      	2.836255e-02
0.0881       	2.836255e-02
0.08815      	2.836257e-02
0.0882       	2.836259e-02
0.08825      	2.836260e-02
0.0883       	2.836261e-02
0.08835      	2.836260e-02
0.0884       	2.836259e-02
0.08845      	2.836258e-02
0.0885       	2.836260e-02
0.08855      	2.836261e-02
0.0886       	2.836262e-02
0.08865      	2.836262e-02
0.0887       	2.836261e-02
0.08875      	2.836261e-02
0.0888       	2.836260e-02
0.08885      	2.836261e-02
0.0889       	2.836263e-02
0.08895      	2.836263e-02
0.089        	2.836262e-02
0.08905      	2.836261e-02
0.0891       	2.836260e-02
0.08915      	2.836262e-02
0.0892       	2.836263e-02
0.08925      	2.836264e-02
0.0893       	2.836261e-02
0.08935      	2.836261e-02
0.0894       	2.836262e-02
0.08945      	2.836261e-02
0.0895       	2.836262e-02
0.08955      	2.836263e-02
0.0896       	2.836263e-02
0.08965      	2.836264e-02
0.0897       	2.836264e-02
0.08975      	2.836263e-02
0.0898       	2.836261e-02
0.08985      	2.836260e-02
0.0899       	2.836263e-02
0.08995      	2.836261e-02
0.09         	2.836260e-02
0.09005      	2.836261e-02
0.0901       	2.836260e-02
0.09015      	2.836262e-02
0.0902       	2.836264e-02
0.09025      	2.836261e-02
0.0903       	2.836259e-02
0.09035      	2.836261e-02
0.0904       	2.836262e-02
0.09045      	2.836262e-02
0.0905       	2.836262e-02
0.09055      	2.836259e-02
0.0906       	2.836261e-02
0.09065      	2.836258e-02
0.0907       	2.836255e-02
0.09075      	2.836256e-02
0.0908       	2.836258e-02
0.09085      	2.836255e-02
0.0909       	2.836252e-02
0.09095      	2.836253e-02
0.091        	2.836254e-02
0.09105      	2.836255e-02
0.0911       	2.836256e-02
0.09115      	2.836256e-02
0.0912       	2.836256e-02
0.09125      	2.836255e-02
0.0913       	2.836255e-02
0.09135      	2.836257e-02
0.0914       	2.836258e-02
0.09145      	2.836258e-02
0.0915       	2.836260e-02
0.09155      	2.836261e-02
0.0916       	2.836261e-02
0.09165      	2.836261e-02
0.0917       	2.836261e-02
0.09175      	2.836260e-02
0.0918       	2.836259e-02
0.09185      	2.836259e-02
0.0919       	2.836261e-02
0.09195      	2.836262e-02
0.092        	2.836260e-02
0.09205      	2.836259e-02
0.0921       	2.836261e-02
0.09215      	2.836262e-02
0.0922       	2.836261e-02
0.09225      	2.836261e-02
0.0923       	2.836261e-02
0.09235      	2.836262e-02
0.0924       	2.836260e-02
0.09245      	2.836258e-02
0.0925       	2.836260e-02
0.09255      	2.836261e-02
0.0926       	2.836260e-02
0.09265      	2.836261e-02
0.0927       	2.836261e-02
0.09275      	2.836258e-02
0.0928       	2.836257e-02
0.09285      	2.836257e-02
0.0929       	2.836256e-02
0.09295      	2.836255e-02
0.093        	2.836256e-02
0.09305      	2.836256e-02
0.0931       	2.836257e-02
0.09315      	2.836258e-02
0.0932       	2.836258e-02
0.09325      	2.836260e-02
0.0933       	2.836259e-02
0.09335      	2.836259e-02
0.0934       	2.836259e-02
0.09345      	2.836259e-02
0.0935       	2.836259e-02
0.09355      	2.836258e-02
0.0936       	2.836257e-02
0.09365      	2.836257e-02
0.0937       	2.836256e-02
0.09375      	2.836256e-02
0.0938       	2.836256e-02
0.09385      	2.836256e-02
0.0939       	2.836255e-02
0.09395      	2.836254e-02
0.094        	2.836254e-02
0.09405      	2.836255e-02
0.0941       	2.836256e-02
0.09415      	2.836254e-02
0.0942       	2.836253e-02
0.09425      	2.836256e-02
0.0943       	2.836257e-02
0.09435      	2.836258e-02
0.0944       	2.836258e-02
0.09445      	2.836261e-02
0.0945       	2.836262e-02
0.09455      	2.836264e-02
0.0946       	2.836262e-02
0.09465      	2.836260e-02
0.0947       	2.836263e-02
0.09475      	2.836266e-02
0.0948       	2.836265e-02
0.09485      	2.836265e-02
0.0949       	2.836265e-02
0.09495      	2.836264e-02
0.095        	2.836267e-02
0.09505      	2.836267e-02
0.0951       	2.836266e-02
0.09515      	2.836266e-02
0.0952       	2.836266e-02
0.09525      	2.836266e-02
0.0953       	2.836265e-02
0.09535      	2.836264e-02
0.0954       	2.836265e-02
0.09545      	2.836263e-02
0.0955       	2.836262e-02
0.09555      	2.836261e-02
0.0956       	2.836262e-02
0.09565      	2.836263e-02
0.0957       	2.836263e-02
0.09575      	2.836263e-02
0.0958       	2.836262e-02
0.09585      	2.836261e-02
0.0959       	2.836261e-02
0.09595      	2.836261e-02
0.096        	2.836263e-02
0.09605      	2.836262e-02
0.0961       	2.836261e-02
0.09615      	2.836261e-02
0.0962       	2.836262e-02
0.09625      	2.836264e-02
0.0963       	2.836262e-02
0.09635      	2.836260e-02
0.0964       	2.836262e-02
0.09645      	2.836260e-02
0.0965       	2.836262e-02
0.09655      	2.836262e-02
0.0966       	2.836263e-02
0.09665      	2.836262e-02
0.0967       	2.836260e-02
0.09675      	2.836261e-02
0.0968       	2.836263e-02
0.09685      	2.836262e-02
0.0969       	2.836261e-02
0.09695      	2.836260e-02
0.097        	2.836260e-02
0.09705      	2.836261e-02
0.0971       	2.836261e-02
0.09715      	2.836262e-02
0.0972       	2.836262e-02
0.09725      	2.836261e-02
0.0973       	2.836260e-02
0.09735      	2.836263e-02
0.0974       	2.836260e-02
0.09745      	2.836259e-02
0.0975       	2.836260e-02
0.09755      	2.836259e-02
0.0976       	2.836259e-02
0.09765      	2.836258e-02
0.0977       	2.836258e-02
0.09775      	2.836258e-02
0.0978       	2.836256e-02
0.09785      	2.836256e-02
0.0979       	-3.954292e-01
0.09795      	4.325420e+01
0.098        	-1.066444e+03
